Card #10
   B     I     N     G     O     L     A     R     D     Y   
+-----+-----+-----+-----+-----+-----+-----+-----+-----+-----+
| 12  | 70  | 87  | 137 | 182 | 223 | 252 | 288 | 333 | 362 |
+-----+-----+-----+-----+-----+-----+-----+-----+-----+-----+
| 23  | 47  | 111 | 146 | 184 | 206 | 245 | 294 | 313 | 355 |
+-----+-----+-----+-----+-----+-----+-----+-----+-----+-----+
| 34  | 46  | 112 | 148 | 186 | 201 | 248 | 284 | 339 | 363 |
+-----+-----+-----+-----+-----+-----+-----+-----+-----+-----+
| 16  | 74  | 109 | 131 | 164 | 226 | 240 | 308 | 340 | 386 |
+-----+-----+-----+-----+-----+-----+-----+-----+-----+-----+
| 38  | 61  | 100 | 135 | 187 | 234 | 263 | 298 | 328 | 359 |
+-----+-----+-----+-----+-----+-----+-----+-----+-----+-----+
| 39  | 52  | 84  | 141 | 163 | 203 | 255 | 305 | 325 | 361 |
+-----+-----+-----+-----+-----+-----+-----+-----+-----+-----+
| 33  | 54  | 91  | 153 | 180 | 217 | 273 | 295 | 332 | 385 |
+-----+-----+-----+-----+-----+-----+-----+-----+-----+-----+
| 20  | 64  | 86  | 155 | 193 | 210 | 265 | 297 | 336 | 382 |
+-----+-----+-----+-----+-----+-----+-----+-----+-----+-----+
| 32  | 53  | 106 | 133 | 171 | 205 | 271 | 278 | 335 | 367 |
+-----+-----+-----+-----+-----+-----+-----+-----+-----+-----+
| 14  | 60  | 98  | 152 | 169 | 216 | 257 | 301 | 314 | 381 |
+-----+-----+-----+-----+-----+-----+-----+-----+-----+-----+
