Card #11
   B     I     N     G     O     L     A     R     D     Y     P   
+-----+-----+-----+-----+-----+-----+-----+-----+-----+-----+-----+
| 26  | 69  | 84  | 140 | 162 | 225 | 240 | 302 | 308 | 373 | 400 |
+-----+-----+-----+-----+-----+-----+-----+-----+-----+-----+-----+
| 12  | 68  | 90  | 132 | 177 | 217 | 257 | 283 | 307 | 350 | 392 |
+-----+-----+-----+-----+-----+-----+-----+-----+-----+-----+-----+
| 29  | 46  | 81  | 128 | 175 | 213 | 229 | 285 | 321 | 358 | 413 |
+-----+-----+-----+-----+-----+-----+-----+-----+-----+-----+-----+
| 11  | 47  | 87  | 145 | 164 | 214 | 236 | 281 | 338 | 367 | 393 |
+-----+-----+-----+-----+-----+-----+-----+-----+-----+-----+-----+
| 38  | 44  | 85  | 134 | 186 | 222 | 252 | 289 | 320 | 366 | 404 |
+-----+-----+-----+-----+-----+-----+-----+-----+-----+-----+-----+
| 19  | 61  | 86  | 144 | 173 |FREE!| 254 | 271 | 337 | 343 | 390 |
+-----+-----+-----+-----+-----+-----+-----+-----+-----+-----+-----+
| 23  | 41  | 108 | 143 | 181 | 201 | 233 | 300 | 332 | 371 | 409 |
+-----+-----+-----+-----+-----+-----+-----+-----+-----+-----+-----+
| 22  | 64  | 92  | 123 | 153 | 191 | 235 | 292 | 309 | 378 | 388 |
+-----+-----+-----+-----+-----+-----+-----+-----+-----+-----+-----+
| 14  | 50  | 97  | 130 | 166 | 198 | 234 | 293 | 316 | 372 | 417 |
+-----+-----+-----+-----+-----+-----+-----+-----+-----+-----+-----+
| 30  | 40  | 89  | 142 | 163 | 219 | 259 | 279 | 317 | 369 | 412 |
+-----+-----+-----+-----+-----+-----+-----+-----+-----+-----+-----+
| 31  | 49  | 95  | 119 | 168 | 212 | 248 | 296 | 313 | 374 | 381 |
+-----+-----+-----+-----+-----+-----+-----+-----+-----+-----+-----+
