Card #12
   B     I     N     G     O     L     A     R     D     Y     P     E   
+-----+-----+-----+-----+-----+-----+-----+-----+-----+-----+-----+-----+
| 24  | 53  | 121 | 163 | 215 | 278 | 291 | 352 | 404 | 432 | 505 | 519 |
+-----+-----+-----+-----+-----+-----+-----+-----+-----+-----+-----+-----+
| 29  | 63  | 99  | 148 | 193 | 269 | 316 | 368 | 421 | 469 | 509 | 521 |
+-----+-----+-----+-----+-----+-----+-----+-----+-----+-----+-----+-----+
| 46  | 48  | 96  | 176 | 224 | 271 | 314 | 364 | 407 | 430 | 481 | 551 |
+-----+-----+-----+-----+-----+-----+-----+-----+-----+-----+-----+-----+
| 15  | 84  | 141 | 170 | 192 | 245 | 315 | 353 | 418 | 457 | 477 | 546 |
+-----+-----+-----+-----+-----+-----+-----+-----+-----+-----+-----+-----+
| 38  | 92  | 133 | 143 | 212 | 263 | 321 | 349 | 413 | 466 | 495 | 530 |
+-----+-----+-----+-----+-----+-----+-----+-----+-----+-----+-----+-----+
|  4  | 60  | 102 | 159 | 218 | 250 | 304 | 351 | 403 | 439 | 475 | 544 |
+-----+-----+-----+-----+-----+-----+-----+-----+-----+-----+-----+-----+
| 30  | 51  | 137 | 169 | 205 | 266 | 292 | 357 | 380 | 428 | 479 | 529 |
+-----+-----+-----+-----+-----+-----+-----+-----+-----+-----+-----+-----+
|  7  | 75  | 100 | 144 | 214 | 275 | 307 | 370 | 377 | 451 | 470 | 533 |
+-----+-----+-----+-----+-----+-----+-----+-----+-----+-----+-----+-----+
| 39  | 58  | 112 | 155 | 195 | 252 | 317 | 347 | 390 | 458 | 499 | 520 |
+-----+-----+-----+-----+-----+-----+-----+-----+-----+-----+-----+-----+
| 32  | 90  | 107 | 165 | 223 | 261 | 323 | 363 | 387 | 437 | 513 | 547 |
+-----+-----+-----+-----+-----+-----+-----+-----+-----+-----+-----+-----+
| 43  | 72  | 98  | 164 | 190 | 280 | 308 | 361 | 420 | 447 | 472 | 522 |
+-----+-----+-----+-----+-----+-----+-----+-----+-----+-----+-----+-----+
| 45  | 88  | 119 | 145 | 211 | 262 | 294 | 335 | 379 | 453 | 508 | 517 |
+-----+-----+-----+-----+-----+-----+-----+-----+-----+-----+-----+-----+
