Card #13
   B     I     N     G     O     L     A     R     D     Y     P     E     Z   
+-----+-----+-----+-----+-----+-----+-----+-----+-----+-----+-----+-----+-----+
| 12  | 95  | 148 | 203 | 251 | 281 | 333 | 381 | 417 | 481 | 519 | 577 | 656 |
+-----+-----+-----+-----+-----+-----+-----+-----+-----+-----+-----+-----+-----+
| 18  | 89  | 125 | 162 | 212 | 273 | 314 | 408 | 432 | 486 | 527 | 584 | 642 |
+-----+-----+-----+-----+-----+-----+-----+-----+-----+-----+-----+-----+-----+
| 28  | 87  | 118 | 174 | 206 | 292 | 320 | 360 | 411 | 472 | 532 | 604 | 610 |
+-----+-----+-----+-----+-----+-----+-----+-----+-----+-----+-----+-----+-----+
| 23  | 94  | 117 | 166 | 223 | 290 | 349 | 380 | 451 | 470 | 520 | 598 | 624 |
+-----+-----+-----+-----+-----+-----+-----+-----+-----+-----+-----+-----+-----+
|  9  | 78  | 119 | 181 | 234 | 295 | 316 | 388 | 410 | 466 | 528 | 602 | 648 |
+-----+-----+-----+-----+-----+-----+-----+-----+-----+-----+-----+-----+-----+
| 36  | 54  | 126 | 175 | 248 | 279 | 343 | 395 | 454 | 462 | 543 | 596 | 636 |
+-----+-----+-----+-----+-----+-----+-----+-----+-----+-----+-----+-----+-----+
|  3  | 102 | 109 | 188 | 217 | 261 |FREE!| 404 | 419 | 487 | 521 | 576 | 645 |
+-----+-----+-----+-----+-----+-----+-----+-----+-----+-----+-----+-----+-----+
| 27  | 96  | 146 | 172 | 221 | 271 | 319 | 373 | 450 | 495 | 531 | 607 | 626 |
+-----+-----+-----+-----+-----+-----+-----+-----+-----+-----+-----+-----+-----+
| 48  | 65  | 113 | 157 | 255 | 288 | 335 | 366 | 437 | 492 | 548 | 593 | 646 |
+-----+-----+-----+-----+-----+-----+-----+-----+-----+-----+-----+-----+-----+
| 38  | 72  | 141 | 164 | 235 | 266 | 340 | 378 | 418 | 508 | 545 | 603 | 625 |
+-----+-----+-----+-----+-----+-----+-----+-----+-----+-----+-----+-----+-----+
| 32  | 90  | 111 | 170 | 209 | 300 | 331 | 389 | 422 | 463 | 523 | 594 | 652 |
+-----+-----+-----+-----+-----+-----+-----+-----+-----+-----+-----+-----+-----+
|  5  | 73  | 124 | 171 | 220 | 283 | 325 | 406 | 416 | 498 | 552 | 595 | 639 |
+-----+-----+-----+-----+-----+-----+-----+-----+-----+-----+-----+-----+-----+
| 46  | 84  | 107 | 194 | 245 | 260 | 342 | 385 | 458 | 503 | 553 | 564 | 637 |
+-----+-----+-----+-----+-----+-----+-----+-----+-----+-----+-----+-----+-----+
