Card #14
   B     I     N     G     O     L     A     R     D     Y     P     E     Z     M   
+-----+-----+-----+-----+-----+-----+-----+-----+-----+-----+-----+-----+-----+-----+
|  6  | 59  | 111 | 178 | 265 | 281 | 336 | 392 | 493 | 508 | 558 | 630 | 700 | 734 |
+-----+-----+-----+-----+-----+-----+-----+-----+-----+-----+-----+-----+-----+-----+
| 44  | 57  | 122 | 172 | 273 | 287 | 348 | 396 | 468 | 516 | 595 | 609 | 693 | 745 |
+-----+-----+-----+-----+-----+-----+-----+-----+-----+-----+-----+-----+-----+-----+
| 28  | 100 | 158 | 217 | 228 | 294 | 350 | 427 | 461 | 515 | 601 | 619 | 661 | 754 |
+-----+-----+-----+-----+-----+-----+-----+-----+-----+-----+-----+-----+-----+-----+
| 53  | 91  | 160 | 191 | 271 | 324 | 338 | 391 | 441 | 523 | 551 | 645 | 682 | 739 |
+-----+-----+-----+-----+-----+-----+-----+-----+-----+-----+-----+-----+-----+-----+
| 34  | 68  | 119 | 181 | 222 | 310 | 384 | 408 | 452 | 499 | 583 | 656 | 685 | 724 |
+-----+-----+-----+-----+-----+-----+-----+-----+-----+-----+-----+-----+-----+-----+
| 40  | 75  | 130 | 190 | 225 | 321 | 349 | 406 | 472 | 530 | 549 | 622 | 701 | 722 |
+-----+-----+-----+-----+-----+-----+-----+-----+-----+-----+-----+-----+-----+-----+
| 17  | 97  | 161 | 168 | 270 | 282 | 380 | 400 | 479 | 544 | 566 | 608 | 684 | 742 |
+-----+-----+-----+-----+-----+-----+-----+-----+-----+-----+-----+-----+-----+-----+
| 16  | 83  | 152 | 209 | 275 | 323 | 371 | 433 | 459 | 498 | 602 | 605 | 675 | 735 |
+-----+-----+-----+-----+-----+-----+-----+-----+-----+-----+-----+-----+-----+-----+
| 46  | 98  | 156 | 210 | 253 | 290 | 383 | 423 | 455 | 502 | 598 | 620 | 694 | 744 |
+-----+-----+-----+-----+-----+-----+-----+-----+-----+-----+-----+-----+-----+-----+
| 11  | 109 | 124 | 199 | 250 | 305 | 360 | 425 | 449 | 506 | 567 | 655 | 699 | 711 |
+-----+-----+-----+-----+-----+-----+-----+-----+-----+-----+-----+-----+-----+-----+
|  9  | 77  | 138 | 194 | 264 | 293 | 357 | 402 | 450 | 521 | 568 | 643 | 659 | 740 |
+-----+-----+-----+-----+-----+-----+-----+-----+-----+-----+-----+-----+-----+-----+
| 19  | 101 | 137 | 208 | 268 | 288 | 370 | 404 | 448 | 547 | 588 | 636 | 703 | 717 |
+-----+-----+-----+-----+-----+-----+-----+-----+-----+-----+-----+-----+-----+-----+
|  2  | 104 | 112 | 207 | 261 | 309 | 341 | 420 | 492 | 501 | 599 | 607 | 697 | 731 |
+-----+-----+-----+-----+-----+-----+-----+-----+-----+-----+-----+-----+-----+-----+
| 12  | 110 | 142 | 171 | 221 | 330 | 376 | 409 | 462 | 541 | 580 | 628 | 704 | 756 |
+-----+-----+-----+-----+-----+-----+-----+-----+-----+-----+-----+-----+-----+-----+
