Card #15
   B     I     N     G     O     L     A     R     D     Y     P     E     Z     M     U   
+-----+-----+-----+-----+-----+-----+-----+-----+-----+-----+-----+-----+-----+-----+-----+
| 21  | 80  | 172 | 218 | 247 | 301 | 384 | 456 | 473 | 534 | 612 | 693 | 721 | 762 | 872 |
+-----+-----+-----+-----+-----+-----+-----+-----+-----+-----+-----+-----+-----+-----+-----+
| 59  | 87  | 150 | 232 | 280 | 348 | 394 | 415 | 472 | 583 | 600 | 694 | 720 | 763 | 877 |
+-----+-----+-----+-----+-----+-----+-----+-----+-----+-----+-----+-----+-----+-----+-----+
| 23  | 92  | 167 | 179 | 264 | 335 | 378 | 457 | 509 | 581 | 625 | 657 | 740 | 814 | 848 |
+-----+-----+-----+-----+-----+-----+-----+-----+-----+-----+-----+-----+-----+-----+-----+
| 53  | 88  | 142 | 200 | 254 | 317 | 382 | 424 | 496 | 554 | 629 | 675 | 716 | 774 | 833 |
+-----+-----+-----+-----+-----+-----+-----+-----+-----+-----+-----+-----+-----+-----+-----+
| 45  | 113 | 156 | 182 | 292 | 297 | 409 | 441 | 478 | 551 | 589 | 653 | 759 | 766 | 834 |
+-----+-----+-----+-----+-----+-----+-----+-----+-----+-----+-----+-----+-----+-----+-----+
|  6  | 90  | 154 | 213 | 237 | 305 | 386 | 421 | 513 | 570 | 606 | 698 | 726 | 808 | 866 |
+-----+-----+-----+-----+-----+-----+-----+-----+-----+-----+-----+-----+-----+-----+-----+
|  8  | 98  | 134 | 187 | 278 | 354 | 385 | 461 | 505 | 535 | 607 | 684 | 723 | 776 | 820 |
+-----+-----+-----+-----+-----+-----+-----+-----+-----+-----+-----+-----+-----+-----+-----+
| 14  | 115 | 151 | 219 | 241 | 314 | 360 |FREE!| 482 | 538 | 594 | 692 | 724 | 793 | 839 |
+-----+-----+-----+-----+-----+-----+-----+-----+-----+-----+-----+-----+-----+-----+-----+
| 20  | 102 | 162 | 215 | 269 | 343 | 410 | 465 | 493 | 585 | 590 | 678 | 745 | 807 | 821 |
+-----+-----+-----+-----+-----+-----+-----+-----+-----+-----+-----+-----+-----+-----+-----+
|  4  | 118 | 158 | 188 | 267 | 311 | 405 | 423 | 500 | 562 | 623 | 666 | 748 | 797 | 873 |
+-----+-----+-----+-----+-----+-----+-----+-----+-----+-----+-----+-----+-----+-----+-----+
| 46  | 110 | 141 | 230 | 277 | 304 | 391 | 444 | 475 | 552 | 620 | 676 | 715 | 811 | 824 |
+-----+-----+-----+-----+-----+-----+-----+-----+-----+-----+-----+-----+-----+-----+-----+
|  1  | 77  | 161 | 234 | 282 | 339 | 357 | 418 | 516 | 560 | 608 | 658 | 728 | 789 | 847 |
+-----+-----+-----+-----+-----+-----+-----+-----+-----+-----+-----+-----+-----+-----+-----+
| 26  | 91  | 130 | 229 | 260 | 351 | 377 | 433 | 518 | 584 | 619 | 680 | 714 | 784 | 830 |
+-----+-----+-----+-----+-----+-----+-----+-----+-----+-----+-----+-----+-----+-----+-----+
| 38  | 103 | 176 | 205 | 289 | 309 | 399 | 455 | 506 | 531 | 598 | 688 | 743 | 810 | 822 |
+-----+-----+-----+-----+-----+-----+-----+-----+-----+-----+-----+-----+-----+-----+-----+
| 49  | 114 | 169 | 195 | 275 | 333 | 395 | 448 | 512 | 549 | 613 | 663 | 737 | 802 | 855 |
+-----+-----+-----+-----+-----+-----+-----+-----+-----+-----+-----+-----+-----+-----+-----+
