Card #16
   B     I     N     G     O     L     A     R     D     Y     P     E     Z     M     U     X   
+-----+-----+-----+-----+-----+-----+-----+-----+-----+-----+-----+-----+-----+-----+-----+-----+
| 47  | 79  | 173 | 202 | 304 | 347 | 435 | 500 | 554 | 565 | 647 | 738 | 811 | 823 | 906 | 996 |
+-----+-----+-----+-----+-----+-----+-----+-----+-----+-----+-----+-----+-----+-----+-----+-----+
| 32  | 104 | 163 | 251 | 274 | 378 | 422 | 464 | 563 | 592 | 630 | 722 | 797 | 842 | 912 | 981 |
+-----+-----+-----+-----+-----+-----+-----+-----+-----+-----+-----+-----+-----+-----+-----+-----+
| 29  | 95  | 144 | 241 | 254 | 343 | 432 | 443 | 515 | 581 | 673 | 727 | 803 | 851 | 885 | 950 |
+-----+-----+-----+-----+-----+-----+-----+-----+-----+-----+-----+-----+-----+-----+-----+-----+
| 63  | 100 | 166 | 197 | 272 | 338 | 393 | 452 | 534 | 597 | 677 | 709 | 789 | 830 | 897 | 949 |
+-----+-----+-----+-----+-----+-----+-----+-----+-----+-----+-----+-----+-----+-----+-----+-----+
| 31  | 90  | 145 | 209 | 275 | 323 | 398 | 457 | 533 | 590 | 669 | 726 | 751 | 858 | 926 | 943 |
+-----+-----+-----+-----+-----+-----+-----+-----+-----+-----+-----+-----+-----+-----+-----+-----+
| 42  | 96  | 133 | 224 | 295 | 328 | 407 | 482 | 556 | 616 | 665 | 714 | 793 | 853 | 904 | 980 |
+-----+-----+-----+-----+-----+-----+-----+-----+-----+-----+-----+-----+-----+-----+-----+-----+
| 13  | 125 | 162 | 205 | 309 | 358 | 406 | 469 | 531 | 596 | 631 | 730 | 795 | 874 | 933 | 948 |
+-----+-----+-----+-----+-----+-----+-----+-----+-----+-----+-----+-----+-----+-----+-----+-----+
| 60  | 111 | 138 | 190 | 259 | 337 | 436 | 481 | 504 | 620 | 649 | 729 | 791 | 849 | 891 | 964 |
+-----+-----+-----+-----+-----+-----+-----+-----+-----+-----+-----+-----+-----+-----+-----+-----+
| 12  | 76  | 159 | 211 | 266 | 332 | 391 | 441 | 512 | 567 | 645 | 691 | 794 | 848 | 934 | 984 |
+-----+-----+-----+-----+-----+-----+-----+-----+-----+-----+-----+-----+-----+-----+-----+-----+
| 56  | 110 | 182 | 239 | 282 | 326 | 384 | 496 | 510 | 594 | 676 | 705 | 770 | 837 | 882 | 982 |
+-----+-----+-----+-----+-----+-----+-----+-----+-----+-----+-----+-----+-----+-----+-----+-----+
|  6  | 86  | 141 | 195 | 287 | 318 | 431 | 450 | 564 | 572 | 641 | 749 | 760 | 817 | 930 | 956 |
+-----+-----+-----+-----+-----+-----+-----+-----+-----+-----+-----+-----+-----+-----+-----+-----+
| 24  | 88  | 184 | 230 | 297 | 354 | 409 | 451 | 543 | 589 | 636 | 745 | 796 | 847 | 884 | 952 |
+-----+-----+-----+-----+-----+-----+-----+-----+-----+-----+-----+-----+-----+-----+-----+-----+
| 49  | 105 | 164 | 216 | 267 | 370 | 405 | 461 | 519 | 603 | 644 | 704 | 763 | 871 | 890 | 971 |
+-----+-----+-----+-----+-----+-----+-----+-----+-----+-----+-----+-----+-----+-----+-----+-----+
| 43  | 80  | 176 | 203 | 271 | 322 | 419 | 489 | 555 | 611 | 683 | 721 | 758 | 868 | 892 | 973 |
+-----+-----+-----+-----+-----+-----+-----+-----+-----+-----+-----+-----+-----+-----+-----+-----+
| 45  | 120 | 178 | 246 | 299 | 359 | 401 | 490 | 509 | 575 | 666 | 715 | 777 | 872 | 925 | 974 |
+-----+-----+-----+-----+-----+-----+-----+-----+-----+-----+-----+-----+-----+-----+-----+-----+
| 51  | 112 | 156 | 252 | 279 | 373 | 418 | 471 | 524 | 574 | 668 | 750 | 766 | 864 | 877 | 985 |
+-----+-----+-----+-----+-----+-----+-----+-----+-----+-----+-----+-----+-----+-----+-----+-----+
