Card #6
   B     I     N     G     O     L   
+-----+-----+-----+-----+-----+-----+
|  6  | 29  | 71  | 79  | 96  | 138 |
+-----+-----+-----+-----+-----+-----+
| 12  | 46  | 58  | 76  | 102 | 132 |
+-----+-----+-----+-----+-----+-----+
| 17  | 42  | 65  | 73  | 106 | 130 |
+-----+-----+-----+-----+-----+-----+
|  5  | 39  | 70  | 89  | 104 | 133 |
+-----+-----+-----+-----+-----+-----+
| 22  | 28  | 55  | 94  | 100 | 123 |
+-----+-----+-----+-----+-----+-----+
|  9  | 32  | 52  | 77  | 97  | 120 |
+-----+-----+-----+-----+-----+-----+
