Card #7
   B     I     N     G     O     L     A   
+-----+-----+-----+-----+-----+-----+-----+
|  4  | 30  | 61  | 89  | 125 | 162 | 167 |
+-----+-----+-----+-----+-----+-----+-----+
|  3  | 54  | 63  | 94  | 116 | 144 | 190 |
+-----+-----+-----+-----+-----+-----+-----+
| 15  | 53  | 69  | 100 | 130 | 157 | 187 |
+-----+-----+-----+-----+-----+-----+-----+
| 24  | 50  | 66  |FREE!| 127 | 146 | 178 |
+-----+-----+-----+-----+-----+-----+-----+
| 25  | 36  | 74  | 97  | 124 | 138 | 173 |
+-----+-----+-----+-----+-----+-----+-----+
| 11  | 39  | 80  | 87  | 134 | 158 | 191 |
+-----+-----+-----+-----+-----+-----+-----+
| 16  | 46  | 71  | 96  | 131 | 153 | 176 |
+-----+-----+-----+-----+-----+-----+-----+
