Card #8
   B     I     N     G     O     L     A     R   
+-----+-----+-----+-----+-----+-----+-----+-----+
| 25  | 50  | 90  | 123 | 129 | 165 | 210 | 232 |
+-----+-----+-----+-----+-----+-----+-----+-----+
| 11  | 36  | 73  | 110 | 149 | 181 | 207 | 222 |
+-----+-----+-----+-----+-----+-----+-----+-----+
| 30  | 40  | 93  | 107 | 147 | 163 | 198 | 229 |
+-----+-----+-----+-----+-----+-----+-----+-----+
| 20  | 44  | 75  | 109 | 137 | 170 | 195 | 239 |
+-----+-----+-----+-----+-----+-----+-----+-----+
| 10  | 59  | 80  | 121 | 146 | 184 | 190 | 231 |
+-----+-----+-----+-----+-----+-----+-----+-----+
|  9  | 43  | 72  | 116 | 135 | 178 | 216 | 235 |
+-----+-----+-----+-----+-----+-----+-----+-----+
| 16  | 51  | 88  | 112 | 153 | 169 | 215 | 246 |
+-----+-----+-----+-----+-----+-----+-----+-----+
|  3  | 34  | 70  | 118 | 138 | 156 | 206 | 230 |
+-----+-----+-----+-----+-----+-----+-----+-----+
