Card #9
   B     I     N     G     O     L     A     R     D   
+-----+-----+-----+-----+-----+-----+-----+-----+-----+
| 31  | 62  | 87  | 129 | 170 | 208 | 242 | 268 | 302 |
+-----+-----+-----+-----+-----+-----+-----+-----+-----+
| 19  | 59  | 89  | 123 | 148 | 182 | 244 | 265 | 288 |
+-----+-----+-----+-----+-----+-----+-----+-----+-----+
| 29  | 63  | 78  | 135 | 172 | 209 | 240 | 277 | 304 |
+-----+-----+-----+-----+-----+-----+-----+-----+-----+
|  9  | 55  | 73  | 109 | 174 | 176 | 225 | 273 | 301 |
+-----+-----+-----+-----+-----+-----+-----+-----+-----+
| 23  | 60  | 96  | 122 |FREE!| 195 | 214 | 269 | 300 |
+-----+-----+-----+-----+-----+-----+-----+-----+-----+
| 26  | 37  | 82  | 136 | 144 | 198 | 211 | 247 | 286 |
+-----+-----+-----+-----+-----+-----+-----+-----+-----+
| 33  | 67  | 101 | 115 | 155 | 178 | 232 | 256 | 283 |
+-----+-----+-----+-----+-----+-----+-----+-----+-----+
|  3  | 45  | 84  | 121 | 162 | 194 | 213 | 274 | 298 |
+-----+-----+-----+-----+-----+-----+-----+-----+-----+
| 25  | 70  | 81  | 130 | 150 | 181 | 228 | 278 | 310 |
+-----+-----+-----+-----+-----+-----+-----+-----+-----+
